  0.9320000E-14  0.9653000E-14  0.1041000E-13  0.1432000E-13  0.2165000E-13
  0.2706000E-13  0.3790000E-13  0.4947000E-13  0.3627000E-14  0.3765000E-14
  0.4076000E-14  0.5764000E-14  0.8947000E-14  0.1142000E-13  0.1739000E-13
  0.2388000E-13  0.1920000E-14  0.1997000E-14  0.2179000E-14  0.3169000E-14
  0.4917000E-14  0.6292000E-14  0.1034000E-13  0.1463000E-13  0.1119000E-14
  0.1177000E-14  0.1318000E-14  0.2081000E-14  0.3325000E-14  0.4268000E-14
  0.7540000E-14  0.1089000E-13  0.8513000E-15  0.8800000E-15  0.9493000E-15
  0.1306000E-14  0.1849000E-14  0.2254000E-14  0.4022000E-14  0.5957000E-14
  0.5674000E-15  0.6001000E-15  0.6813000E-15  0.1142000E-14  0.1901000E-14
  0.2475000E-14  0.4801000E-14  0.7273000E-14  0.8440000E-14  0.8835000E-14
  0.1137000E-13  0.1721000E-13  0.2647000E-13  0.4007000E-13  0.6913000E-13
  0.9971000E-13  0.3762000E-14  0.3928000E-14  0.5005000E-14  0.7495000E-14
  0.1169000E-13  0.1836000E-13  0.3420000E-13  0.5271000E-13  0.2292000E-14
  0.2389000E-14  0.3029000E-14  0.4447000E-14  0.6835000E-14  0.1072000E-13
  0.2034000E-13  0.3222000E-13  0.1438000E-14  0.1521000E-14  0.2010000E-14
  0.3056000E-14  0.4749000E-14  0.7425000E-14  0.1400000E-13  0.2219000E-13
  0.8380000E-15  0.8800000E-15  0.1135000E-14  0.1616000E-14  0.2359000E-14
  0.3553000E-14  0.6715000E-14  0.1111000E-13  0.6120000E-15  0.6540000E-15
  0.9415000E-15  0.1572000E-14  0.2607000E-14  0.4261000E-14  0.8465000E-14
  0.1402000E-13  0.1938000E-13  0.2121000E-13  0.2698000E-13  0.5428000E-13
  0.7793000E-13  0.1094000E-12  0.1741000E-12  0.2576000E-12  0.1329000E-13
  0.1486000E-13  0.2031000E-13  0.4700000E-13  0.6798000E-13  0.9998000E-13
  0.1625000E-12  0.2449000E-12  0.1025000E-13  0.1163000E-13  0.1649000E-13
  0.4208000E-13  0.6208000E-13  0.9230000E-13  0.1581000E-12  0.2429000E-12
  0.7003000E-14  0.8000000E-14  0.1167000E-13  0.3290000E-13  0.5058000E-13
  0.7873000E-13  0.1431000E-12  0.2290000E-12  0.1865000E-14  0.2134000E-14
  0.3183000E-14  0.1033000E-13  0.1716000E-13  0.2930000E-13  0.6148000E-13
  0.1114000E-12  0.1452000E-14  0.1874000E-14  0.3485000E-14  0.1386000E-13
  0.2340000E-13  0.3985000E-13  0.8183000E-13  0.1444000E-12  0.8386000E-14
  0.8714000E-14  0.9380000E-14  0.1286000E-13  0.1965000E-13  0.2468000E-13
  0.3348000E-13  0.4310000E-13  0.2650000E-14  0.2752000E-14  0.2980000E-14
  0.4210000E-14  0.6810000E-14  0.8880000E-14  0.1273000E-13  0.1720000E-13
  0.9338000E-15  0.9750000E-15  0.1006000E-14  0.1581000E-14  0.2722000E-14
  0.3670000E-14  0.5494000E-14  0.7690000E-14  0.2374000E-15  0.2622000E-15
  0.3170000E-15  0.6150000E-15  0.1247000E-14  0.1754000E-14  0.2710000E-14
  0.3840000E-14  0.1523000E-15  0.1632000E-15  0.1866000E-15  0.3044000E-15
  0.5222000E-15  0.6812000E-15  0.9608000E-15  0.1271000E-14  0.1188000E-15
  0.1329000E-15  0.1619000E-15  0.3240000E-15  0.6540000E-15  0.9056000E-15
  0.1357000E-14  0.1864000E-14
  0.6011000E-15  0.6032000E-15  0.6092000E-15  0.6387000E-15  0.6665000E-15
  0.6800000E-15  0.7207000E-15  0.7393000E-15  0.5459000E-15  0.5506000E-15
  0.5599000E-15  0.6009000E-15  0.6391000E-15  0.6581000E-15  0.7080000E-15
  0.7347000E-15  0.3548000E-15  0.3583000E-15  0.3655000E-15  0.3991000E-15
  0.4360000E-15  0.4600000E-15  0.5467000E-15  0.6302000E-15  0.2409000E-15
  0.2714000E-15  0.3388000E-15  0.6125000E-15  0.1071000E-14  0.1407000E-14
  0.2319000E-14  0.3292000E-14  0.3877000E-15  0.4089000E-15  0.4583000E-15
  0.7033000E-15  0.1082000E-14  0.1357000E-14  0.2331000E-14  0.3380000E-14
  0.3086000E-15  0.3369000E-15  0.4040000E-15  0.7553000E-15  0.1329000E-14
  0.1757000E-14  0.3211000E-14  0.4735000E-14  0.3119000E-14  0.3174000E-14
  0.3467000E-14  0.3896000E-14  0.4337000E-14  0.4798000E-14  0.5505000E-14
  0.6050000E-14  0.1732000E-14  0.1757000E-14  0.1935000E-14  0.2188000E-14
  0.2450000E-14  0.2722000E-14  0.3118000E-14  0.3398000E-14  0.1244000E-14
  0.1269000E-14  0.1405000E-14  0.1598000E-14  0.1802000E-14  0.2019000E-14
  0.2366000E-14  0.2680000E-14  0.8790000E-15  0.9155000E-15  0.1137000E-14
  0.1572000E-14  0.2212000E-14  0.3137000E-14  0.5210000E-14  0.7635000E-14
  0.5015000E-15  0.5300000E-15  0.7030000E-15  0.1034000E-14  0.1530000E-14
  0.2289000E-14  0.4165000E-14  0.6605000E-14  0.4021000E-15  0.4352000E-15
  0.6550000E-15  0.1134000E-14  0.1870000E-14  0.3074000E-14  0.5915000E-14
  0.9460000E-14  0.3793000E-15  0.3788000E-15  0.3770000E-15  0.3750000E-15
  0.3760000E-15  0.3773000E-15  0.3818000E-15  0.3888000E-15  0.3425000E-15
  0.3435000E-15  0.3465000E-15  0.3713000E-15  0.3980000E-15  0.4330000E-15
  0.5313000E-15  0.6908000E-15  0.2520000E-15  0.2613000E-15  0.2950000E-15
  0.5185000E-15  0.7393000E-15  0.1129000E-14  0.2188000E-14  0.3695000E-14
  0.3485000E-15  0.7360000E-15  0.1581000E-14  0.5333000E-14  0.8480000E-14
  0.1336000E-13  0.2491000E-13  0.4128000E-13  0.3530000E-15  0.5760000E-15
  0.1318000E-14  0.5528000E-14  0.9278000E-14  0.1556000E-13  0.3140000E-13
  0.5500000E-13  0.6018000E-15  0.9460000E-15  0.2128000E-14  0.8895000E-14
  0.1482000E-13  0.2460000E-13  0.4855000E-13  0.8305000E-13  0.3790000E-15
  0.3786000E-15  0.3768000E-15  0.3744000E-15  0.3752000E-15  0.3762000E-15
  0.3782000E-15  0.3816000E-15  0.3016000E-15  0.3026000E-15  0.3046000E-15
  0.3124000E-15  0.3224000E-15  0.3278000E-15  0.3350000E-15  0.3416000E-15
  0.1712000E-15  0.1722000E-15  0.1744000E-15  0.1836000E-15  0.1972000E-15
  0.2058000E-15  0.2196000E-15  0.2340000E-15  0.1054000E-15  0.1215000E-15
  0.1563000E-15  0.3348000E-15  0.6762000E-15  0.9284000E-15  0.1371000E-14
  0.1858000E-14  0.1429000E-15  0.1534000E-15  0.1761000E-15  0.2902000E-15
  0.5012000E-15  0.6544000E-15  0.9228000E-15  0.1216000E-14  0.1163000E-15
  0.1296000E-15  0.1588000E-15  0.3184000E-15  0.6418000E-15  0.8870000E-15
  0.1325000E-14  0.1813000E-14
  0.6438000E+00  0.6489000E+00  0.6591000E+00  0.6944000E+00  0.7249000E+00
  0.7375000E+00  0.7557000E+00  0.7666000E+00  0.6218000E+00  0.6258000E+00
  0.6347000E+00  0.6664000E+00  0.6918000E+00  0.7034000E+00  0.7286000E+00
  0.7423000E+00  0.6682000E+00  0.6702000E+00  0.6865000E+00  0.6936000E+00
  0.7021000E+00  0.7065000E+00  0.7315000E+00  0.7427000E+00  0.7512000E+00
  0.7530000E+00  0.7567000E+00  0.7636000E+00  0.7557000E+00  0.7517000E+00
  0.7758000E+00  0.7834000E+00  0.6210000E+00  0.6318000E+00  0.6552000E+00
  0.7360000E+00  0.7838000E+00  0.8031000E+00  0.8553000E+00  0.8749000E+00
  0.6166000E+00  0.6226000E+00  0.6333000E+00  0.6733000E+00  0.6969000E+00
  0.7079000E+00  0.7494000E+00  0.7705000E+00  0.6576000E+00  0.6642000E+00
  0.6947000E+00  0.7280000E+00  0.7509000E+00  0.7666000E+00  0.7818000E+00
  0.7897000E+00  0.6198000E+00  0.6260000E+00  0.6550000E+00  0.6859000E+00
  0.7094000E+00  0.7284000E+00  0.7503000E+00  0.7700000E+00  0.6573000E+00
  0.6619000E+00  0.6822000E+00  0.6976000E+00  0.7092000E+00  0.7207000E+00
  0.7381000E+00  0.7643000E+00  0.7324000E+00  0.7358000E+00  0.7492000E+00
  0.7515000E+00  0.7497000E+00  0.7496000E+00  0.7556000E+00  0.7647000E+00
  0.6146000E+00  0.6287000E+00  0.6960000E+00  0.7612000E+00  0.8058000E+00
  0.8369000E+00  0.8680000E+00  0.8856000E+00  0.5788000E+00  0.5879000E+00
  0.6298000E+00  0.6701000E+00  0.7008000E+00  0.7268000E+00  0.7603000E+00
  0.7842000E+00  0.6801000E+00  0.6937000E+00  0.7232000E+00  0.7732000E+00
  0.7864000E+00  0.7977000E+00  0.8097000E+00  0.8189000E+00  0.6868000E+00
  0.7013000E+00  0.7360000E+00  0.7802000E+00  0.7870000E+00  0.7945000E+00
  0.8022000E+00  0.8096000E+00  0.6995000E+00  0.7166000E+00  0.7512000E+00
  0.7942000E+00  0.8002000E+00  0.8056000E+00  0.8109000E+00  0.8149000E+00
  0.6911000E+00  0.7177000E+00  0.7618000E+00  0.8147000E+00  0.8246000E+00
  0.8337000E+00  0.8434000E+00  0.8499000E+00  0.5932000E+00  0.6222000E+00
  0.6774000E+00  0.7646000E+00  0.7903000E+00  0.8144000E+00  0.8429000E+00
  0.8624000E+00  0.5191000E+00  0.5310000E+00  0.5541000E+00  0.6137000E+00
  0.6387000E+00  0.6653000E+00  0.7011000E+00  0.7288000E+00  0.6260000E+00
  0.6314000E+00  0.6420000E+00  0.6785000E+00  0.7128000E+00  0.7269000E+00
  0.7422000E+00  0.7525000E+00  0.5616000E+00  0.5665000E+00  0.5763000E+00
  0.6127000E+00  0.6509000E+00  0.6682000E+00  0.6884000E+00  0.7033000E+00
  0.5109000E+00  0.5153000E+00  0.5241000E+00  0.5583000E+00  0.5970000E+00
  0.6155000E+00  0.6382000E+00  0.6555000E+00  0.4024000E+00  0.4058000E+00
  0.4129000E+00  0.4425000E+00  0.4798000E+00  0.4991000E+00  0.5241000E+00
  0.5443000E+00  0.1687000E+00  0.1692000E+00  0.1706000E+00  0.1803000E+00
  0.1992000E+00  0.2113000E+00  0.2293000E+00  0.2454000E+00  0.1089000E+00
  0.1097000E+00  0.1114000E+00  0.1207000E+00  0.1359000E+00  0.1451000E+00
  0.1583000E+00  0.1700000E+00
  0.9470000E-14  0.1009000E-13  0.1088000E-13  0.1497000E-13  0.2273000E-13
  0.2847000E-13  0.3993000E-13  0.5219000E-13  0.8835000E-14  0.9240000E-14
  0.1189000E-13  0.1801000E-13  0.2782000E-13  0.4229000E-13  0.7325000E-13
  0.1058000E-12  0.1994000E-13  0.2171000E-13  0.2748000E-13  0.5488000E-13
  0.7865000E-13  0.1093000E-12  0.1750000E-12  0.2588000E-12  0.8838000E-14
  0.9160000E-14  0.9864000E-14  0.1353000E-13  0.2074000E-13  0.2612000E-13
  0.3554000E-13  0.4586000E-13
  0.2157538E-04  0.1819954E-05  0.1971560E-06  0.4937514E-07  0.1559469E-07
  0.5268289E-08
  0.3313000E+00  0.3284000E+00  0.3254500E+00  0.3224000E+00  0.3192500E+00
  0.3159500E+00  0.3124500E+00  0.3087500E+00  0.3048500E+00  0.3007000E+00
  0.2962500E+00  0.2914500E+00  0.2861500E+00  0.2801000E+00  0.2730500E+00
  0.2648500E+00  0.2554500E+00  0.2451000E+00  0.2342500E+00  0.2231500E+00
  0.2118000E+00  0.2002000E+00  0.1884000E+00  0.1764000E+00  0.1642500E+00
  0.1519500E+00  0.1395000E+00  0.1269500E+00  0.1143500E+00  0.1018000E+00
  0.8950000E-01  0.7805000E-01  0.6790000E-01  0.5900000E-01  0.5135000E-01
  0.4500000E-01  0.3955000E-01  0.3460000E-01  0.3015000E-01  0.2620000E-01
  0.2275000E-01  0.1970000E-01  0.1695000E-01  0.1455000E-01  0.1250000E-01
  0.1075000E-01  0.9200000E-02  0.7800000E-02  0.6550000E-02  0.5450000E-02
  0.4500000E-02  0.0000000E+00
  0.1810499E-01  0.1766999E-01  0.1722749E-01  0.1676999E-01  0.1629749E-01
  0.1580249E-01  0.1527749E-01  0.1472249E-01  0.1413749E-01  0.1351499E-01
  0.1284749E-01  0.1212749E-01  0.1133249E-01  0.1042499E-01  0.9399027E-02
  0.8327639E-02  0.7277061E-02  0.6285936E-02  0.5396386E-02  0.4618159E-02
  0.3938089E-02  0.3343525E-02  0.2826082E-02  0.2375532E-02  0.1984487E-02
  0.1645157E-02  0.1350369E-02  0.1095179E-02  0.8749310E-03  0.6862480E-03
  0.5269545E-03  0.3988620E-03  0.3009605E-03  0.2269025E-03  0.1718670E-03
  0.1322745E-03  0.1029130E-03  0.7976350E-04  0.6167100E-04  0.4766750E-04
  0.3698900E-04  0.2875750E-04  0.2225800E-04  0.1727500E-04  0.1354650E-04
  0.1074900E-04  0.8574500E-05  0.6838000E-05  0.5472000E-05  0.4410000E-05
  0.3600000E-05  0.0000000E+00
  0.0000000E+00  0.5000000E+00  0.7000000E+00  0.8000000E+00  0.9000000E+00
  0.9500000E+00  0.9800000E+00  0.9900000E+00
