  CH2O -> H+HCO JPL 97 P 169 
  0.00E+00  0.00E+00  0.00E+00  0.00E+00  0.00E+00  0.00E+00  0.00E+00 
  0.00E+00  0.00E+00  0.00E+00  0.00E+00  0.00E+00  0.00E+00  0.00E+00 
  0.00E+00  0.00E+00  0.00E+00  0.00E+00  0.00E+00  0.00E+00  0.00E+00 
  0.00E+00  0.00E+00  0.00E+00  0.00E+00  0.00E+00  0.00E+00  0.00E+00 
  0.00E+00  0.00E+00  0.00E+00  0.00E+00  0.00E+00  0.00E+00  0.00E+00 
  0.00E+00  0.00E+00  0.00E+00  0.00E+00  0.00E+00  0.00E+00  0.00E+00 
  0.00E+00  0.00E+00  0.00E+00  7.49E-02  3.74E-01  6.74E-01  7.50E-01 
  7.52E-01  7.53E-01  7.53E-01  7.53E-01  7.51E-01  7.49E-01  7.47E-01 
  7.44E-01  7.40E-01  7.35E-01  7.29E-01  7.20E-01  7.04E-01  6.88E-01 
  6.66E-01  6.41E-01  6.17E-01  5.91E-01  5.65E-01  5.25E-01  4.70E-01 
  4.12E-01  3.01E-01  1.30E-01  1.80E-02  5.00E-04  0.00E+00  0.00E+00 
  0.00E+00  0.00E+00  0.00E+00  0.00E+00  0.00E+00  0.00E+00  0.00E+00 
  0.00E+00  0.00E+00  0.00E+00  0.00E+00  0.00E+00  0.00E+00  0.00E+00 
  0.00E+00  0.00E+00  0.00E+00  0.00E+00  0.00E+00  0.00E+00  0.00E+00 
  0.00E+00  0.00E+00  0.00E+00  0.00E+00  0.00E+00  0.00E+00  0.00E+00 
  0.00E+00  0.00E+00  0.00E+00  0.00E+00  0.00E+00  0.00E+00  0.00E+00 
  0.00E+00  0.00E+00  0.00E+00  0.00E+00  0.00E+00  0.00E+00  0.00E+00 
  0.00E+00  0.00E+00  0.00E+00  0.00E+00  0.00E+00  0.00E+00  0.00E+00 
  0.00E+00  0.00E+00  0.00E+00  0.00E+00  0.00E+00  0.00E+00  0.00E+00 
  0.00E+00  0.00E+00  0.00E+00  0.00E+00  0.00E+00  0.00E+00  0.00E+00 
  0.00E+00  0.00E+00  0.00E+00  0.00E+00  0.00E+00  0.00E+00  0.00E+00 
  0.00E+00  0.00E+00  0.00E+00  0.00E+00  0.00E+00  0.00E+00  0.00E+00 
  0.00E+00  0.00E+00  0.00E+00  0.00E+00  0.00E+00  0.00E+00  0.00E+00 
  0.00E+00  0.00E+00  0.00E+00  0.00E+00  0.00E+00  0.00E+00  0.00E+00 
  0.00E+00  0.00E+00  0.00E+00  0.00E+00  0.00E+00  0.00E+00  0.00E+00 
  0.00E+00 
  CH2O -> H2+CO JPL 97 P 169 
  0.00E+00  0.00E+00  0.00E+00  0.00E+00  0.00E+00  0.00E+00  0.00E+00 
  0.00E+00  0.00E+00  0.00E+00  0.00E+00  0.00E+00  0.00E+00  0.00E+00 
  0.00E+00  0.00E+00  0.00E+00  0.00E+00  0.00E+00  0.00E+00  0.00E+00 
  0.00E+00  0.00E+00  0.00E+00  0.00E+00  0.00E+00  0.00E+00  0.00E+00 
  0.00E+00  0.00E+00  0.00E+00  0.00E+00  0.00E+00  0.00E+00  0.00E+00 
  0.00E+00  0.00E+00  0.00E+00  0.00E+00  0.00E+00  0.00E+00  0.00E+00 
  0.00E+00  0.00E+00  0.00E+00  2.51E-02  1.25E-01  2.26E-01  2.50E-01 
  2.48E-01  2.47E-01  2.47E-01  2.47E-01  2.49E-01  2.51E-01  2.53E-01 
  2.56E-01  2.60E-01  2.65E-01  2.71E-01  2.80E-01  2.96E-01  3.12E-01 
  3.32E-01  3.52E-01  3.74E-01  3.96E-01  4.18E-01  4.51E-01  5.01E-01 
  5.58E-01  6.66E-01  7.34E-01  6.35E-01  5.02E-01  3.71E-01  2.31E-01 
  0.00E+00  0.00E+00  0.00E+00  0.00E+00  0.00E+00  0.00E+00  0.00E+00 
  0.00E+00  0.00E+00  0.00E+00  0.00E+00  0.00E+00  0.00E+00  0.00E+00 
  0.00E+00  0.00E+00  0.00E+00  0.00E+00  0.00E+00  0.00E+00  0.00E+00 
  0.00E+00  0.00E+00  0.00E+00  0.00E+00  0.00E+00  0.00E+00  0.00E+00 
  0.00E+00  0.00E+00  0.00E+00  0.00E+00  0.00E+00  0.00E+00  0.00E+00 
  0.00E+00  0.00E+00  0.00E+00  0.00E+00  0.00E+00  0.00E+00  0.00E+00 
  0.00E+00  0.00E+00  0.00E+00  0.00E+00  0.00E+00  0.00E+00  0.00E+00 
  0.00E+00  0.00E+00  0.00E+00  0.00E+00  0.00E+00  0.00E+00  0.00E+00 
  0.00E+00  0.00E+00  0.00E+00  0.00E+00  0.00E+00  0.00E+00  0.00E+00 
  0.00E+00  0.00E+00  0.00E+00  0.00E+00  0.00E+00  0.00E+00  0.00E+00 
  0.00E+00  0.00E+00  0.00E+00  0.00E+00  0.00E+00  0.00E+00  0.00E+00 
  0.00E+00  0.00E+00  0.00E+00  0.00E+00  0.00E+00  0.00E+00  0.00E+00 
  0.00E+00  0.00E+00  0.00E+00  0.00E+00  0.00E+00  0.00E+00  0.00E+00 
  0.00E+00  0.00E+00  0.00E+00  0.00E+00  0.00E+00  0.00E+00  0.00E+00 
  0.00E+00 
  NO3 -> NO2 + O 
  0.00E+00  0.00E+00  0.00E+00  0.00E+00  0.00E+00  0.00E+00  0.00E+00
  0.00E+00  0.00E+00  0.00E+00  0.00E+00  0.00E+00  0.00E+00  0.90E+00 
  0.90E+00  0.90E+00  0.90E+00  0.90E+00  0.90E+00  0.90E+00  0.90E+00
  0.90E+00  0.90E+00  0.90E+00  0.90E+00  0.90E+00  0.90E+00  0.90E+00 
  0.90E+00  0.90E+00  0.90E+00  0.90E+00  0.90E+00  0.90E+00  0.90E+00 
  0.90E+00  0.90E+00  0.90E+00  0.90E+00  0.90E+00  0.90E+00  0.90E+00 
  0.90E+00  0.90E+00  0.90E+00  0.90E+00  0.90E+00  0.90E+00  0.90E+00 
  0.90E+00  0.90E+00  0.90E+00  0.90E+00  0.90E+00  0.90E+00  0.90E+00 
  0.90E+00  0.90E+00  0.90E+00  0.90E+00  0.90E+00  0.90E+00  0.90E+00 
  0.90E+00  0.90E+00  0.90E+00  0.90E+00  0.90E+00  0.90E+00  0.90E+00 
  0.90E+00  0.90E+00  0.90E+00  0.90E+00  0.90E+00  0.90E+00  0.90E+00 
  0.90E+00  0.90E+00  0.90E+00  0.90E+00  0.90E+00  0.90E+00  0.90E+00 
  0.90E+00  0.90E+00  0.90E+00  0.90E+00  0.90E+00  0.90E+00  0.90E+00 
  0.90E+00  0.90E+00  1.00E+00  1.00E+00  1.00E+00  1.00E+00  1.00E+00        
  1.00E+00  1.00E+00  1.00E+00  1.00E+00  1.00E+00  1.00E+00  1.00E+00        
  1.00E+00  1.00E+00  1.00E+00  1.00E+00  1.00E+00  1.00E+00  1.00E+00        
  1.00E+00  1.00E+00  1.00E+00  1.00E+00  1.00E+00  1.00E+00  1.00E+00        
  1.00E+00  1.00E+00  1.00E+00  1.00E+00  0.83E+00  0.65E+00  0.58E+00        
  0.51E+00  0.43E+00  0.36E+00  0.29E+00  0.22E+00  0.14E+00  0.07E+00        
  0.00E+00  0.00E+00  0.00E+00  0.00E+00  0.00E+00  0.00E+00  0.00E+00   
  0.00E+00  0.00E+00  0.00E+00  0.00E+00  0.00E+00  0.00E+00  0.00E+00   
  0.00E+00  0.00E+00  0.00E+00  0.00E+00  0.00E+00  0.00E+00  0.00E+00   
  0.00E+00  0.00E+00  0.00E+00  0.00E+00  0.00E+00  0.00E+00  0.00E+00   
  0.00E+00  0.00E+00  0.00E+00  0.00E+00  0.00E+00  0.00E+00  0.00E+00   
  0.00E+00  0.00E+00  0.00E+00  0.00E+00  0.00E+00  0.00E+00  0.00E+00   
  0.00E+00
  NO3 -> NO + O2 
  0.00E+00  0.00E+00  0.00E+00  0.00E+00  0.00E+00  0.00E+00  0.00E+00 
  0.00E+00  0.00E+00  0.00E+00  0.00E+00  0.00E+00  0.00E+00  0.00E+00 
  0.00E+00  0.00E+00  0.00E+00  0.00E+00  0.00E+00  0.00E+00  0.00E+00 
  0.00E+00  0.00E+00  0.00E+00  0.00E+00  0.00E+00  0.00E+00  0.00E+00 
  0.00E+00  0.00E+00  0.00E+00  0.00E+00  0.00E+00  0.00E+00  0.00E+00 
  0.00E+00  0.00E+00  0.00E+00  0.00E+00  0.00E+00  0.00E+00  0.00E+00 
  0.00E+00  0.00E+00  0.00E+00  0.00E+00  0.00E+00  0.00E+00  0.00E+00 
  0.00E+00  0.00E+00  0.00E+00  0.00E+00  0.00E+00  0.00E+00  0.00E+00 
  0.00E+00  0.00E+00  0.00E+00  0.00E+00  0.00E+00  0.00E+00  0.00E+00 
  0.00E+00  0.00E+00  0.00E+00  0.00E+00  0.00E+00  0.00E+00  0.00E+00 
  0.00E+00  0.00E+00  0.00E+00  0.00E+00  0.00E+00  0.00E+00  0.00E+00 
  0.00E+00  0.00E+00  0.00E+00  0.00E+00  0.00E+00  0.00E+00  0.00E+00 
  0.00E+00  0.00E+00  0.00E+00  0.00E+00  0.00E+00  0.00E+00  0.00E+00 
  0.00E+00  0.00E+00  0.00E+00  0.00E+00  0.00E+00  0.00E+00  0.00E+00   
  0.00E+00  0.00E+00  0.00E+00  0.00E+00  0.00E+00  0.00E+00  0.00E+00   
  0.00E+00  0.00E+00  0.00E+00  0.00E+00  0.00E+00  0.00E+00  0.00E+00   
  0.00E+00  0.00E+00  0.00E+00  0.00E+00  0.00E+00  0.00E+00  0.00E+00   
  0.00E+00  0.00E+00  0.00E+00  0.00E+00  0.18E+00  0.35E+00  0.31E+00   
  0.27E+00  0.23E+00  0.19E+00  0.16E+00  0.12E+00  0.08E+00  0.04E+00   
  0.00E+00  0.00E+00  0.00E+00  0.00E+00  0.00E+00  0.00E+00  0.00E+00   
  0.00E+00  0.00E+00  0.00E+00  0.00E+00  0.00E+00  0.00E+00  0.00E+00   
  0.00E+00  0.00E+00  0.00E+00  0.00E+00  0.00E+00  0.00E+00  0.00E+00   
  0.00E+00  0.00E+00  0.00E+00  0.00E+00  0.00E+00  0.00E+00  0.00E+00   
  0.00E+00  0.00E+00  0.00E+00  0.00E+00  0.00E+00  0.00E+00  0.00E+00   
  0.00E+00  0.00E+00  0.00E+00  0.00E+00  0.00E+00  0.00E+00  0.00E+00   
  0.00E+00    
  NO2 -> NO + O,  JPL 97 P. 160  
  1.00E+00  1.00E+00  1.00E+00  1.00E+00  1.00E+00  1.00E+00  1.00E+00 
  1.00E+00  1.00E+00  1.00E+00  1.00E+00  1.00E+00  1.00E+00  1.00E+00 
  1.00E+00  1.00E+00  1.00E+00  1.00E+00  1.00E+00  1.00E+00  1.00E+00 
  1.00E+00  1.00E+00  1.00E+00  1.00E+00  1.00E+00  1.00E+00  1.00E+00 
  1.00E+00  1.00E+00  1.00E+00  1.00E+00  1.00E+00  1.00E+00  1.00E+00 
  1.00E+00  1.00E+00  1.00E+00  1.00E+00  1.00E+00  1.00E+00  1.00E+00 
  9.99E-01  9.99E-01  9.98E-01  9.97E-01  9.97E-01  9.97E-01  9.97E-01 
  9.96E-01  9.96E-01  9.96E-01  9.96E-01  9.96E-01  9.95E-01  9.95E-01 
  9.95E-01  9.95E-01  9.95E-01  9.94E-01  9.94E-01  9.94E-01  9.94E-01 
  9.94E-01  9.93E-01  9.93E-01  9.93E-01  9.93E-01  9.92E-01  9.92E-01 
  9.92E-01  9.91E-01  9.90E-01  9.89E-01  9.88E-01  9.87E-01  9.86E-01 
  9.84E-01  9.83E-01  9.81E-01  9.79E-01  9.74E-01  9.69E-01  9.60E-01 
  9.27E-01  6.94E-01  3.55E-01  1.34E-01  5.98E-02  1.82E-02  8.00E-04 
  0.00E+00  0.00E+00  0.00E+00  0.00E+00  0.00E+00  0.00E+00  0.00E+00 
  0.00E+00  0.00E+00  0.00E+00  0.00E+00  0.00E+00  0.00E+00  0.00E+00 
  0.00E+00  0.00E+00  0.00E+00  0.00E+00  0.00E+00  0.00E+00  0.00E+00 
  0.00E+00  0.00E+00  0.00E+00  0.00E+00  0.00E+00  0.00E+00  0.00E+00 
  0.00E+00  0.00E+00  0.00E+00  0.00E+00  0.00E+00  0.00E+00  0.00E+00 
  0.00E+00  0.00E+00  0.00E+00  0.00E+00  0.00E+00  0.00E+00  0.00E+00 
  0.00E+00  0.00E+00  0.00E+00  0.00E+00  0.00E+00  0.00E+00  0.00E+00 
  0.00E+00  0.00E+00  0.00E+00  0.00E+00  0.00E+00  0.00E+00  0.00E+00 
  0.00E+00  0.00E+00  0.00E+00  0.00E+00  0.00E+00  0.00E+00  0.00E+00 
  0.00E+00  0.00E+00  0.00E+00  0.00E+00  0.00E+00  0.00E+00  0.00E+00 
  0.00E+00  0.00E+00  0.00E+00  0.00E+00  0.00E+00  0.00E+00  0.00E+00 
  0.00E+00  0.00E+00  0.00E+00  0.00E+00  0.00E+00  0.00E+00  0.00E+00 
  0.00E+00 
  O3 -> O(1D) + O2 (Brock, Watson, Chem. Phys. 46, P. 477-484 (1980) 
  9.50E-01  9.50E-01  9.50E-01  9.50E-01  9.50E-01  9.50E-01  9.50E-01   
  9.50E-01  9.50E-01  9.50E-01  9.50E-01  9.50E-01  9.50E-01  9.50E-01   
  9.50E-01  9.50E-01  9.50E-01  9.50E-01  9.50E-01  9.50E-01  9.50E-01   
  9.50E-01  9.50E-01  9.50E-01  9.50E-01  9.50E-01  9.50E-01  9.50E-01   
  9.50E-01  9.50E-01  9.50E-01  9.50E-01  9.50E-01  9.50E-01  9.50E-01   
  9.50E-01  9.50E-01  9.50E-01  9.50E-01  9.50E-01  9.50E-01  9.50E-01   
  9.50E-01  9.50E-01  9.50E-01  9.50E-01  9.62E-01  9.52E-01  9.71E-01 
  9.90E-01  1.00E+00  1.02E+00  9.70E-01  9.00E-01  8.10E-01  6.90E-01 
  5.20E-01  4.00E-01  3.10E-01  2.60E-01  2.20E-01  2.20E-01  2.20E-01 
  1.80E-01  1.67E-01  1.47E-01  1.20E-01  1.04E-01  8.00E-02  5.60E-02 
  0.00E+00  0.00E+00  0.00E+00  0.00E+00  0.00E+00  0.00E+00  0.00E+00 
  0.00E+00  0.00E+00  0.00E+00  0.00E+00  0.00E+00  0.00E+00  0.00E+00 
  0.00E+00  0.00E+00  0.00E+00  0.00E+00  0.00E+00  0.00E+00  0.00E+00 
  0.00E+00  0.00E+00  0.00E+00  0.00E+00  0.00E+00  0.00E+00  0.00E+00 
  0.00E+00  0.00E+00  0.00E+00  0.00E+00  0.00E+00  0.00E+00  0.00E+00 
  0.00E+00  0.00E+00  0.00E+00  0.00E+00  0.00E+00  0.00E+00  0.00E+00 
  0.00E+00  0.00E+00  0.00E+00  0.00E+00  0.00E+00  0.00E+00  0.00E+00 
  0.00E+00  0.00E+00  0.00E+00  0.00E+00  0.00E+00  0.00E+00  0.00E+00 
  0.00E+00  0.00E+00  0.00E+00  0.00E+00  0.00E+00  0.00E+00  0.00E+00 
  0.00E+00  0.00E+00  0.00E+00  0.00E+00  0.00E+00  0.00E+00  0.00E+00 
  0.00E+00  0.00E+00  0.00E+00  0.00E+00  0.00E+00  0.00E+00  0.00E+00 
  0.00E+00  0.00E+00  0.00E+00  0.00E+00  0.00E+00  0.00E+00  0.00E+00 
  0.00E+00  0.00E+00  0.00E+00  0.00E+00  0.00E+00  0.00E+00  0.00E+00 
  0.00E+00  0.00E+00  0.00E+00  0.00E+00  0.00E+00  0.00E+00  0.00E+00 
  0.00E+00  0.00E+00  0.00E+00  0.00E+00  0.00E+00  0.00E+00  0.00E+00 
  0.00E+00 
   
    
   
   
   
   
   
   
   
   
   
   
   
   
   
   
